friend=[  2.01
1.03
2.16
25.06
5.05
0
0
0
0
0
0
0]